size=96x96, n=9216, performance=0.063646, flops=109226456, cycles=1716145024.000000
size=192x192, n=36864, performance=0.072653, flops=1679868868, cycles=23121915236.000000
size=384x384, n=147456, performance=0.089925, flops=26606223088, cycles=295869886973.000000
