size=48x48, n=2304, performance=0.502994, flops=10997920, cycles=21864894.750000
size=96x96, n=9216, performance=0.137055, flops=41974076, cycles=306257003.000000
size=192x192, n=36864, performance=0.144170, flops=663368406, cycles=4601298171.000000
size=384x384, n=147456, performance=0.114281, flops=10580746070, cycles=92585242345.000000
